786
189
466
106
168
986
824
52
454
974
619
54
536
284
205
375
149
99
483
991
254
345
501
734
137
323
650
26
636
383
874
667
792
315
196
934
367
892
318
925
399
747
924
841
459
900
478
980
859
283
662
579
13
305
560
433
388
878
47
465
430
630
522
118
940
121
240
590
272
259
881
31
847
731
231
988
914
647
258
538
167
587
441
554
691
845
401
174
598
356
511
780
8
314
524
3
719
946
833
435
9
296
286
603
564
927
930
250
961
143
987
96
728
423
102
737
110
44
644
300
953
453
703
193
851
913
947
50
556
337
23
273
153
796
575
405
797
241
414
21
799
708
256
998
798
438
716
425
56
497
649
727
819
657
288
689
563
733
548
840
386
325
917
675
673
698
645
596
848
915
485
12
616
821
437
612
348
311
125
748
420
967
669
952
552
213
680
625
41
608
223
156
542
470
336
471
4
154
380
676
444
276
523
351
597
762
814
452
48
111
815
604
265
24
312
937
422
866
923
682
919
565
808
909
568
384
555
57
704
275
339
516
464
107
202
255
343
249
973
1000
602
158
448
621
32
829
222
893
820
749
252
885
968
330
463
803
995
489
90
209
145
264
105
159
119
51
855
175
327
445
321
546
19
40
774
204
279
184
83
817
22
989
633
781
970
811
807
615
484
103
882
458
376
242
74
975
492
875
582
324
999
329
812
203
756
891
836
120
695
617
69
2
88
266
201
729
43
210
860
322
397
503
122
493
207
394
418
214
666
116
876
298
677
887
618
198
763
901
309
232
629
132
600
754
948
171
208
60
605
15
230
29
368
895
289
6
5
508
920
659
392
436
896
741
499
595
783
732
504
474
138
409
98
363
735
752
310
417
53
801
282
113
87
429
179
706
290
837
853
683
721
794
11
177
374
166
865
877
10
525
767
378
124
141
993
419
347
218
936
890
75
407
229
191
76
263
869
637
507
529
518
217
338
844
770
642
476
147
271
443
858
541
36
912
544
793
679
400
784
711
907
428
802
308
133
931
773
332
905
585
215
469
387
123
776
472
950
373
517
879
39
299
71
809
426
128
277
566
826
216
846
742
898
572
139
404
18
714
791
186
30
172
921
635
574
724
868
722
243
17
446
788
462
381
713
653
61
227
758
906
883
941
632
447
211
285
92
785
142
862
942
984
46
903
639
509
182
656
16
790
85
620
908
857
884
932
766
759
956
863
434
427
353
658
187
163
872
385
622
671
178
805
247
396
969
886
551
78
34
963
80
316
533
468
366
755
825
614
278
634
354
535
224
739
342
233
911
660
842
442
576
349
641
850
84
515
37
372
823
301
151
849
700
55
144
317
7
313
59
357
169
648
494
624
91
236
292
460
38
246
929
512
253
307
651
455
880
377
328
939
14
505
557
537
341
521
772
710
432
654
835
743
966
828
